v3.0 hex words addressed
000: 000101 000282 001000 000000 000000 000000 000000 000000
008: 000000 000000 000000 000000 000000 000000 000000 000000
010: 000000 000000 000101 000482 000804 001000 000000 000000
018: 000000 000000 000000 000000 000000 000000 000000 000000
020: 000000 000000 000101 000482 000810 001000 000000 000000
028: 000000 000000 000000 000000 000000 000000 000000 000000
030: 000000 000000 000101 000482 000900 000084 001000 000000
038: 000000 000000 000000 000000 000000 000000 000000 000000
040: 000000 000000 000101 000482 000900 000090 001000 000000
048: 000000 000000 000000 000000 000000 000000 000000 000000
050: 000000 000000 000101 000482 000900 000048 001000 000000
058: 000000 000000 000000 000000 000000 000000 000000 000000
060: 000000 000000 000101 000482 000900 000090 100004 001000
068: 000000 000000 000000 000000 000000 000000 000000 000000
070: 000000 000000 000101 000482 000810 100004 001000 000000
078: 000000 000000 000000 000000 000000 000000 000000 000000
080: 000000 000000 000101 000482 000900 000090 200004 001000
088: 000000 000000 000000 000000 000000 000000 000000 000000
090: 000000 000000 000101 000482 000810 200004 001000 000000
098: 000000 000000 000000 000000 000000 000000 000000 000000
0a0: 000000 000000 000101 000482 000900 000090 300004 001000
0a8: 000000 000000 000000 000000 000000 000000 000000 000000
0b0: 000000 000000 000101 000482 000810 300004 001000 000000
0b8: 000000 000000 000000 000000 000000 000000 000000 000000
0c0: 000000 000000 000101 000482 000900 000090 400004 001000
0c8: 000000 000000 000000 000000 000000 000000 000000 000000
0d0: 000000 000000 000101 000482 000810 400004 001000 000000
0d8: 000000 000000 000000 000000 000000 000000 000000 000000
0e0: 000000 000000 000101 000482 000900 000090 500004 001000
0e8: 000000 000000 000000 000000 000000 000000 000000 000000
0f0: 000000 000000 000101 000482 000810 500004 001000 000000
0f8: 000000 000000 000000 000000 000000 000000 000000 000000
100: 000000 000000 000101 000482 000900 600040 001000 000000
108: 000000 000000 000000 000000 000000 000000 000000 000000
110: 000000 000000 000101 000482 000900 700040 001000 000000
118: 000000 000000 000000 000000 000000 000000 000000 000000
120: 000000 000000 000101 000482 000900 800040 001000 000000
128: 000000 000000 000000 000000 000000 000000 000000 000000
130: 000000 000000 000101 000482 000900 900040 001000 000000
138: 000000 000000 000000 000000 000000 000000 000000 000000
140: 000000 000000 000101 000482 000900 a00040 001000 000000
148: 000000 000000 000000 000000 000000 000000 000000 000000
150: 000000 000000 000101 000482 000900 b00040 001000 000000
158: 000000 000000 000000 000000 000000 000000 000000 000000
160: 000000 000000 000101 000482 000900 c00040 001000 000000
168: 000000 000000 000000 000000 000000 000000 000000 000000
170: 000000 000000 000101 000482 000900 d00040 001000 000000
178: 000000 000000 000000 000000 000000 000000 000000 000000
180: 000000 000000 000101 000482 180800 001000 000000 000000
188: 000000 000000 000000 000000 000000 000000 000000 000000
190: 000000 000000 000101 000482 280800 001000 000000 000000
198: 000000 000000 000000 000000 000000 000000 000000 000000
1a0: 000000 000000 000101 000482 380800 001000 000000 000000
1a8: 000000 000000 000000 000000 000000 000000 000000 000000
1b0: 000000 000000 000101 000482 480800 001000 000000 000000
1b8: 000000 000000 000000 000000 000000 000000 000000 000000
1c0: 000000 000000 000101 000482 580800 001000 000000 000000
1c8: 000000 000000 000000 000000 000000 000000 000000 000000
1d0: 000000 000000 000101 000482 680800 001000 000000 000000
1d8: 000000 000000 000000 000000 000000 000000 000000 000000
1e0: 000000 000000 000101 000482 780800 001000 000000 000000
1e8: 000000 000000 000000 000000 000000 000000 000000 000000
1f0: 000000 000000 000101 000482 880800 001000 000000 000000
1f8: 000000 000000 000000 000000 000000 000000 000000 000000
200: 000000 000000 000101 000482 980800 001000 000000 000000
208: 000000 000000 000000 000000 000000 000000 000000 000000
210: 000000 000000 002000 001000 000000 000000 000000 000000
218: 000000 000000 000000 000000 000000 000000 000000 000000
220: 000000 000000 004008 001000 000000 000000 000000 000000
228: 000000 000000 000000 000000 000000 000000 000000 000000
230: 000000 000000 000101 000482 000900 004040 001000 000000
238: 000000 000000 000000 000000 000000 000000 000000 000000
240: 000000 000000 000000 000000 000000 000000 000000 000000
248: 000000 000000 000000 000000 000000 000000 000000 000000
250: 000000 000000 000000 000000 000000 000000 000000 000000
258: 000000 000000 000000 000000 000000 000000 000000 000000
260: 000000 000000 000000 000000 000000 000000 000000 000000
268: 000000 000000 000000 000000 000000 000000 000000 000000
270: 000000 000000 000000 000000 000000 000000 000000 000000
278: 000000 000000 000000 000000 000000 000000 000000 000000
280: 000000 000000 000000 000000 000000 000000 000000 000000
288: 000000 000000 000000 000000 000000 000000 000000 000000
290: 000000 000000 000000 000000 000000 000000 000000 000000
298: 000000 000000 000000 000000 000000 000000 000000 000000
2a0: 000000 000000 000000 000000 000000 000000 000000 000000
2a8: 000000 000000 000000 000000 000000 000000 000000 000000
2b0: 000000 000000 000000 000000 000000 000000 000000 000000
2b8: 000000 000000 000000 000000 000000 000000 000000 000000
2c0: 000000 000000 000000 000000 000000 000000 000000 000000
2c8: 000000 000000 000000 000000 000000 000000 000000 000000
2d0: 000000 000000 000000 000000 000000 000000 000000 000000
2d8: 000000 000000 000000 000000 000000 000000 000000 000000
2e0: 000000 000000 000000 000000 000000 000000 000000 000000
2e8: 000000 000000 000000 000000 000000 000000 000000 000000
2f0: 000000 000000 000000 000000 000000 000000 000000 000000
2f8: 000000 000000 000000 000000 000000 000000 000000 000000
300: 000000 000000 000000 000000 000000 000000 000000 000000
308: 000000 000000 000000 000000 000000 000000 000000 000000
310: 000000 000000 000000 000000 000000 000000 000000 000000
318: 000000 000000 000000 000000 000000 000000 000000 000000
320: 000000 000000 000000 000000 000000 000000 000000 000000
328: 000000 000000 000000 000000 000000 000000 000000 000000
330: 000000 000000 000000 000000 000000 000000 000000 000000
338: 000000 000000 000000 000000 000000 000000 000000 000000
340: 000000 000000 000000 000000 000000 000000 000000 000000
348: 000000 000000 000000 000000 000000 000000 000000 000000
350: 000000 000000 000000 000000 000000 000000 000000 000000
358: 000000 000000 000000 000000 000000 000000 000000 000000
360: 000000 000000 000000 000000 000000 000000 000000 000000
368: 000000 000000 000000 000000 000000 000000 000000 000000
370: 000000 000000 000000 000000 000000 000000 000000 000000
378: 000000 000000 000000 000000 000000 000000 000000 000000
380: 000000 000000 000000 000000 000000 000000 000000 000000
388: 000000 000000 000000 000000 000000 000000 000000 000000
390: 000000 000000 000000 000000 000000 000000 000000 000000
398: 000000 000000 000000 000000 000000 000000 000000 000000
3a0: 000000 000000 000000 000000 000000 000000 000000 000000
3a8: 000000 000000 000000 000000 000000 000000 000000 000000
3b0: 000000 000000 000000 000000 000000 000000 000000 000000
3b8: 000000 000000 000000 000000 000000 000000 000000 000000
3c0: 000000 000000 000000 000000 000000 000000 000000 000000
3c8: 000000 000000 000000 000000 000000 000000 000000 000000
3d0: 000000 000000 000000 000000 000000 000000 000000 000000
3d8: 000000 000000 000000 000000 000000 000000 000000 000000
3e0: 000000 000000 000000 000000 000000 000000 000000 000000
3e8: 000000 000000 000000 000000 000000 000000 000000 000000
3f0: 000000 000000 000000 000000 000000 000000 000000 000000
3f8: 000000 000000 000000 000000 000000 000000 000000 000000
400: 000000 000000 000000 000000 000000 000000 000000 000000
408: 000000 000000 000000 000000 000000 000000 000000 000000
410: 000000 000000 000000 000000 000000 000000 000000 000000
418: 000000 000000 000000 000000 000000 000000 000000 000000
420: 000000 000000 000000 000000 000000 000000 000000 000000
428: 000000 000000 000000 000000 000000 000000 000000 000000
430: 000000 000000 000000 000000 000000 000000 000000 000000
438: 000000 000000 000000 000000 000000 000000 000000 000000
440: 000000 000000 000000 000000 000000 000000 000000 000000
448: 000000 000000 000000 000000 000000 000000 000000 000000
450: 000000 000000 000000 000000 000000 000000 000000 000000
458: 000000 000000 000000 000000 000000 000000 000000 000000
460: 000000 000000 000000 000000 000000 000000 000000 000000
468: 000000 000000 000000 000000 000000 000000 000000 000000
470: 000000 000000 000000 000000 000000 000000 000000 000000
478: 000000 000000 000000 000000 000000 000000 000000 000000
480: 000000 000000 000000 000000 000000 000000 000000 000000
488: 000000 000000 000000 000000 000000 000000 000000 000000
490: 000000 000000 000000 000000 000000 000000 000000 000000
498: 000000 000000 000000 000000 000000 000000 000000 000000
4a0: 000000 000000 000000 000000 000000 000000 000000 000000
4a8: 000000 000000 000000 000000 000000 000000 000000 000000
4b0: 000000 000000 000000 000000 000000 000000 000000 000000
4b8: 000000 000000 000000 000000 000000 000000 000000 000000
4c0: 000000 000000 000000 000000 000000 000000 000000 000000
4c8: 000000 000000 000000 000000 000000 000000 000000 000000
4d0: 000000 000000 000000 000000 000000 000000 000000 000000
4d8: 000000 000000 000000 000000 000000 000000 000000 000000
4e0: 000000 000000 000000 000000 000000 000000 000000 000000
4e8: 000000 000000 000000 000000 000000 000000 000000 000000
4f0: 000000 000000 000000 000000 000000 000000 000000 000000
4f8: 000000 000000 000000 000000 000000 000000 000000 000000
500: 000000 000000 000000 000000 000000 000000 000000 000000
508: 000000 000000 000000 000000 000000 000000 000000 000000
510: 000000 000000 000000 000000 000000 000000 000000 000000
518: 000000 000000 000000 000000 000000 000000 000000 000000
520: 000000 000000 000000 000000 000000 000000 000000 000000
528: 000000 000000 000000 000000 000000 000000 000000 000000
530: 000000 000000 000000 000000 000000 000000 000000 000000
538: 000000 000000 000000 000000 000000 000000 000000 000000
540: 000000 000000 000000 000000 000000 000000 000000 000000
548: 000000 000000 000000 000000 000000 000000 000000 000000
550: 000000 000000 000000 000000 000000 000000 000000 000000
558: 000000 000000 000000 000000 000000 000000 000000 000000
560: 000000 000000 000000 000000 000000 000000 000000 000000
568: 000000 000000 000000 000000 000000 000000 000000 000000
570: 000000 000000 000000 000000 000000 000000 000000 000000
578: 000000 000000 000000 000000 000000 000000 000000 000000
580: 000000 000000 000000 000000 000000 000000 000000 000000
588: 000000 000000 000000 000000 000000 000000 000000 000000
590: 000000 000000 000000 000000 000000 000000 000000 000000
598: 000000 000000 000000 000000 000000 000000 000000 000000
5a0: 000000 000000 000000 000000 000000 000000 000000 000000
5a8: 000000 000000 000000 000000 000000 000000 000000 000000
5b0: 000000 000000 000000 000000 000000 000000 000000 000000
5b8: 000000 000000 000000 000000 000000 000000 000000 000000
5c0: 000000 000000 000000 000000 000000 000000 000000 000000
5c8: 000000 000000 000000 000000 000000 000000 000000 000000
5d0: 000000 000000 000000 000000 000000 000000 000000 000000
5d8: 000000 000000 000000 000000 000000 000000 000000 000000
5e0: 000000 000000 000000 000000 000000 000000 000000 000000
5e8: 000000 000000 000000 000000 000000 000000 000000 000000
5f0: 000000 000000 000000 000000 000000 000000 000000 000000
5f8: 000000 000000 000000 000000 000000 000000 000000 000000
600: 000000 000000 000000 000000 000000 000000 000000 000000
608: 000000 000000 000000 000000 000000 000000 000000 000000
610: 000000 000000 000000 000000 000000 000000 000000 000000
618: 000000 000000 000000 000000 000000 000000 000000 000000
620: 000000 000000 000000 000000 000000 000000 000000 000000
628: 000000 000000 000000 000000 000000 000000 000000 000000
630: 000000 000000 000000 000000 000000 000000 000000 000000
638: 000000 000000 000000 000000 000000 000000 000000 000000
640: 000000 000000 000000 000000 000000 000000 000000 000000
648: 000000 000000 000000 000000 000000 000000 000000 000000
650: 000000 000000 000000 000000 000000 000000 000000 000000
658: 000000 000000 000000 000000 000000 000000 000000 000000
660: 000000 000000 000000 000000 000000 000000 000000 000000
668: 000000 000000 000000 000000 000000 000000 000000 000000
670: 000000 000000 000000 000000 000000 000000 000000 000000
678: 000000 000000 000000 000000 000000 000000 000000 000000
680: 000000 000000 000000 000000 000000 000000 000000 000000
688: 000000 000000 000000 000000 000000 000000 000000 000000
690: 000000 000000 000000 000000 000000 000000 000000 000000
698: 000000 000000 000000 000000 000000 000000 000000 000000
6a0: 000000 000000 000000 000000 000000 000000 000000 000000
6a8: 000000 000000 000000 000000 000000 000000 000000 000000
6b0: 000000 000000 000000 000000 000000 000000 000000 000000
6b8: 000000 000000 000000 000000 000000 000000 000000 000000
6c0: 000000 000000 000000 000000 000000 000000 000000 000000
6c8: 000000 000000 000000 000000 000000 000000 000000 000000
6d0: 000000 000000 000000 000000 000000 000000 000000 000000
6d8: 000000 000000 000000 000000 000000 000000 000000 000000
6e0: 000000 000000 000000 000000 000000 000000 000000 000000
6e8: 000000 000000 000000 000000 000000 000000 000000 000000
6f0: 000000 000000 000000 000000 000000 000000 000000 000000
6f8: 000000 000000 000000 000000 000000 000000 000000 000000
700: 000000 000000 000000 000000 000000 000000 000000 000000
708: 000000 000000 000000 000000 000000 000000 000000 000000
710: 000000 000000 000000 000000 000000 000000 000000 000000
718: 000000 000000 000000 000000 000000 000000 000000 000000
720: 000000 000000 000000 000000 000000 000000 000000 000000
728: 000000 000000 000000 000000 000000 000000 000000 000000
730: 000000 000000 000000 000000 000000 000000 000000 000000
738: 000000 000000 000000 000000 000000 000000 000000 000000
740: 000000 000000 000000 000000 000000 000000 000000 000000
748: 000000 000000 000000 000000 000000 000000 000000 000000
750: 000000 000000 000000 000000 000000 000000 000000 000000
758: 000000 000000 000000 000000 000000 000000 000000 000000
760: 000000 000000 000000 000000 000000 000000 000000 000000
768: 000000 000000 000000 000000 000000 000000 000000 000000
770: 000000 000000 000000 000000 000000 000000 000000 000000
778: 000000 000000 000000 000000 000000 000000 000000 000000
780: 000000 000000 000000 000000 000000 000000 000000 000000
788: 000000 000000 000000 000000 000000 000000 000000 000000
790: 000000 000000 000000 000000 000000 000000 000000 000000
798: 000000 000000 000000 000000 000000 000000 000000 000000
7a0: 000000 000000 000000 000000 000000 000000 000000 000000
7a8: 000000 000000 000000 000000 000000 000000 000000 000000
7b0: 000000 000000 000000 000000 000000 000000 000000 000000
7b8: 000000 000000 000000 000000 000000 000000 000000 000000
7c0: 000000 000000 000000 000000 000000 000000 000000 000000
7c8: 000000 000000 000000 000000 000000 000000 000000 000000
7d0: 000000 000000 000000 000000 000000 000000 000000 000000
7d8: 000000 000000 000000 000000 000000 000000 000000 000000
7e0: 000000 000000 000000 000000 000000 000000 000000 000000
7e8: 000000 000000 000000 000000 000000 000000 000000 000000
7f0: 000000 000000 000000 000000 000000 000000 000000 000000
7f8: 000000 000000 000000 000000 000000 000000 000000 000000
800: 000000 000000 000000 000000 000000 000000 000000 000000
808: 000000 000000 000000 000000 000000 000000 000000 000000
810: 000000 000000 000000 000000 000000 000000 000000 000000
818: 000000 000000 000000 000000 000000 000000 000000 000000
820: 000000 000000 000000 000000 000000 000000 000000 000000
828: 000000 000000 000000 000000 000000 000000 000000 000000
830: 000000 000000 000000 000000 000000 000000 000000 000000
838: 000000 000000 000000 000000 000000 000000 000000 000000
840: 000000 000000 000000 000000 000000 000000 000000 000000
848: 000000 000000 000000 000000 000000 000000 000000 000000
850: 000000 000000 000000 000000 000000 000000 000000 000000
858: 000000 000000 000000 000000 000000 000000 000000 000000
860: 000000 000000 000000 000000 000000 000000 000000 000000
868: 000000 000000 000000 000000 000000 000000 000000 000000
870: 000000 000000 000000 000000 000000 000000 000000 000000
878: 000000 000000 000000 000000 000000 000000 000000 000000
880: 000000 000000 000000 000000 000000 000000 000000 000000
888: 000000 000000 000000 000000 000000 000000 000000 000000
890: 000000 000000 000000 000000 000000 000000 000000 000000
898: 000000 000000 000000 000000 000000 000000 000000 000000
8a0: 000000 000000 000000 000000 000000 000000 000000 000000
8a8: 000000 000000 000000 000000 000000 000000 000000 000000
8b0: 000000 000000 000000 000000 000000 000000 000000 000000
8b8: 000000 000000 000000 000000 000000 000000 000000 000000
8c0: 000000 000000 000000 000000 000000 000000 000000 000000
8c8: 000000 000000 000000 000000 000000 000000 000000 000000
8d0: 000000 000000 000000 000000 000000 000000 000000 000000
8d8: 000000 000000 000000 000000 000000 000000 000000 000000
8e0: 000000 000000 000000 000000 000000 000000 000000 000000
8e8: 000000 000000 000000 000000 000000 000000 000000 000000
8f0: 000000 000000 000000 000000 000000 000000 000000 000000
8f8: 000000 000000 000000 000000 000000 000000 000000 000000
900: 000000 000000 000000 000000 000000 000000 000000 000000
908: 000000 000000 000000 000000 000000 000000 000000 000000
910: 000000 000000 000000 000000 000000 000000 000000 000000
918: 000000 000000 000000 000000 000000 000000 000000 000000
920: 000000 000000 000000 000000 000000 000000 000000 000000
928: 000000 000000 000000 000000 000000 000000 000000 000000
930: 000000 000000 000000 000000 000000 000000 000000 000000
938: 000000 000000 000000 000000 000000 000000 000000 000000
940: 000000 000000 000000 000000 000000 000000 000000 000000
948: 000000 000000 000000 000000 000000 000000 000000 000000
950: 000000 000000 000000 000000 000000 000000 000000 000000
958: 000000 000000 000000 000000 000000 000000 000000 000000
960: 000000 000000 000000 000000 000000 000000 000000 000000
968: 000000 000000 000000 000000 000000 000000 000000 000000
970: 000000 000000 000000 000000 000000 000000 000000 000000
978: 000000 000000 000000 000000 000000 000000 000000 000000
980: 000000 000000 000000 000000 000000 000000 000000 000000
988: 000000 000000 000000 000000 000000 000000 000000 000000
990: 000000 000000 000000 000000 000000 000000 000000 000000
998: 000000 000000 000000 000000 000000 000000 000000 000000
9a0: 000000 000000 000000 000000 000000 000000 000000 000000
9a8: 000000 000000 000000 000000 000000 000000 000000 000000
9b0: 000000 000000 000000 000000 000000 000000 000000 000000
9b8: 000000 000000 000000 000000 000000 000000 000000 000000
9c0: 000000 000000 000000 000000 000000 000000 000000 000000
9c8: 000000 000000 000000 000000 000000 000000 000000 000000
9d0: 000000 000000 000000 000000 000000 000000 000000 000000
9d8: 000000 000000 000000 000000 000000 000000 000000 000000
9e0: 000000 000000 000000 000000 000000 000000 000000 000000
9e8: 000000 000000 000000 000000 000000 000000 000000 000000
9f0: 000000 000000 000000 000000 000000 000000 000000 000000
9f8: 000000 000000 000000 000000 000000 000000 000000 000000
a00: 000000 000000 000000 000000 000000 000000 000000 000000
a08: 000000 000000 000000 000000 000000 000000 000000 000000
a10: 000000 000000 000000 000000 000000 000000 000000 000000
a18: 000000 000000 000000 000000 000000 000000 000000 000000
a20: 000000 000000 000000 000000 000000 000000 000000 000000
a28: 000000 000000 000000 000000 000000 000000 000000 000000
a30: 000000 000000 000000 000000 000000 000000 000000 000000
a38: 000000 000000 000000 000000 000000 000000 000000 000000
a40: 000000 000000 000000 000000 000000 000000 000000 000000
a48: 000000 000000 000000 000000 000000 000000 000000 000000
a50: 000000 000000 000000 000000 000000 000000 000000 000000
a58: 000000 000000 000000 000000 000000 000000 000000 000000
a60: 000000 000000 000000 000000 000000 000000 000000 000000
a68: 000000 000000 000000 000000 000000 000000 000000 000000
a70: 000000 000000 000000 000000 000000 000000 000000 000000
a78: 000000 000000 000000 000000 000000 000000 000000 000000
a80: 000000 000000 000000 000000 000000 000000 000000 000000
a88: 000000 000000 000000 000000 000000 000000 000000 000000
a90: 000000 000000 000000 000000 000000 000000 000000 000000
a98: 000000 000000 000000 000000 000000 000000 000000 000000
aa0: 000000 000000 000000 000000 000000 000000 000000 000000
aa8: 000000 000000 000000 000000 000000 000000 000000 000000
ab0: 000000 000000 000000 000000 000000 000000 000000 000000
ab8: 000000 000000 000000 000000 000000 000000 000000 000000
ac0: 000000 000000 000000 000000 000000 000000 000000 000000
ac8: 000000 000000 000000 000000 000000 000000 000000 000000
ad0: 000000 000000 000000 000000 000000 000000 000000 000000
ad8: 000000 000000 000000 000000 000000 000000 000000 000000
ae0: 000000 000000 000000 000000 000000 000000 000000 000000
ae8: 000000 000000 000000 000000 000000 000000 000000 000000
af0: 000000 000000 000000 000000 000000 000000 000000 000000
af8: 000000 000000 000000 000000 000000 000000 000000 000000
b00: 000000 000000 000000 000000 000000 000000 000000 000000
b08: 000000 000000 000000 000000 000000 000000 000000 000000
b10: 000000 000000 000000 000000 000000 000000 000000 000000
b18: 000000 000000 000000 000000 000000 000000 000000 000000
b20: 000000 000000 000000 000000 000000 000000 000000 000000
b28: 000000 000000 000000 000000 000000 000000 000000 000000
b30: 000000 000000 000000 000000 000000 000000 000000 000000
b38: 000000 000000 000000 000000 000000 000000 000000 000000
b40: 000000 000000 000000 000000 000000 000000 000000 000000
b48: 000000 000000 000000 000000 000000 000000 000000 000000
b50: 000000 000000 000000 000000 000000 000000 000000 000000
b58: 000000 000000 000000 000000 000000 000000 000000 000000
b60: 000000 000000 000000 000000 000000 000000 000000 000000
b68: 000000 000000 000000 000000 000000 000000 000000 000000
b70: 000000 000000 000000 000000 000000 000000 000000 000000
b78: 000000 000000 000000 000000 000000 000000 000000 000000
b80: 000000 000000 000000 000000 000000 000000 000000 000000
b88: 000000 000000 000000 000000 000000 000000 000000 000000
b90: 000000 000000 000000 000000 000000 000000 000000 000000
b98: 000000 000000 000000 000000 000000 000000 000000 000000
ba0: 000000 000000 000000 000000 000000 000000 000000 000000
ba8: 000000 000000 000000 000000 000000 000000 000000 000000
bb0: 000000 000000 000000 000000 000000 000000 000000 000000
bb8: 000000 000000 000000 000000 000000 000000 000000 000000
bc0: 000000 000000 000000 000000 000000 000000 000000 000000
bc8: 000000 000000 000000 000000 000000 000000 000000 000000
bd0: 000000 000000 000000 000000 000000 000000 000000 000000
bd8: 000000 000000 000000 000000 000000 000000 000000 000000
be0: 000000 000000 000000 000000 000000 000000 000000 000000
be8: 000000 000000 000000 000000 000000 000000 000000 000000
bf0: 000000 000000 000000 000000 000000 000000 000000 000000
bf8: 000000 000000 000000 000000 000000 000000 000000 000000
c00: 000000 000000 000000 000000 000000 000000 000000 000000
c08: 000000 000000 000000 000000 000000 000000 000000 000000
c10: 000000 000000 000000 000000 000000 000000 000000 000000
c18: 000000 000000 000000 000000 000000 000000 000000 000000
c20: 000000 000000 000000 000000 000000 000000 000000 000000
c28: 000000 000000 000000 000000 000000 000000 000000 000000
c30: 000000 000000 000000 000000 000000 000000 000000 000000
c38: 000000 000000 000000 000000 000000 000000 000000 000000
c40: 000000 000000 000000 000000 000000 000000 000000 000000
c48: 000000 000000 000000 000000 000000 000000 000000 000000
c50: 000000 000000 000000 000000 000000 000000 000000 000000
c58: 000000 000000 000000 000000 000000 000000 000000 000000
c60: 000000 000000 000000 000000 000000 000000 000000 000000
c68: 000000 000000 000000 000000 000000 000000 000000 000000
c70: 000000 000000 000000 000000 000000 000000 000000 000000
c78: 000000 000000 000000 000000 000000 000000 000000 000000
c80: 000000 000000 000000 000000 000000 000000 000000 000000
c88: 000000 000000 000000 000000 000000 000000 000000 000000
c90: 000000 000000 000000 000000 000000 000000 000000 000000
c98: 000000 000000 000000 000000 000000 000000 000000 000000
ca0: 000000 000000 000000 000000 000000 000000 000000 000000
ca8: 000000 000000 000000 000000 000000 000000 000000 000000
cb0: 000000 000000 000000 000000 000000 000000 000000 000000
cb8: 000000 000000 000000 000000 000000 000000 000000 000000
cc0: 000000 000000 000000 000000 000000 000000 000000 000000
cc8: 000000 000000 000000 000000 000000 000000 000000 000000
cd0: 000000 000000 000000 000000 000000 000000 000000 000000
cd8: 000000 000000 000000 000000 000000 000000 000000 000000
ce0: 000000 000000 000000 000000 000000 000000 000000 000000
ce8: 000000 000000 000000 000000 000000 000000 000000 000000
cf0: 000000 000000 000000 000000 000000 000000 000000 000000
cf8: 000000 000000 000000 000000 000000 000000 000000 000000
d00: 000000 000000 000000 000000 000000 000000 000000 000000
d08: 000000 000000 000000 000000 000000 000000 000000 000000
d10: 000000 000000 000000 000000 000000 000000 000000 000000
d18: 000000 000000 000000 000000 000000 000000 000000 000000
d20: 000000 000000 000000 000000 000000 000000 000000 000000
d28: 000000 000000 000000 000000 000000 000000 000000 000000
d30: 000000 000000 000000 000000 000000 000000 000000 000000
d38: 000000 000000 000000 000000 000000 000000 000000 000000
d40: 000000 000000 000000 000000 000000 000000 000000 000000
d48: 000000 000000 000000 000000 000000 000000 000000 000000
d50: 000000 000000 000000 000000 000000 000000 000000 000000
d58: 000000 000000 000000 000000 000000 000000 000000 000000
d60: 000000 000000 000000 000000 000000 000000 000000 000000
d68: 000000 000000 000000 000000 000000 000000 000000 000000
d70: 000000 000000 000000 000000 000000 000000 000000 000000
d78: 000000 000000 000000 000000 000000 000000 000000 000000
d80: 000000 000000 000000 000000 000000 000000 000000 000000
d88: 000000 000000 000000 000000 000000 000000 000000 000000
d90: 000000 000000 000000 000000 000000 000000 000000 000000
d98: 000000 000000 000000 000000 000000 000000 000000 000000
da0: 000000 000000 000000 000000 000000 000000 000000 000000
da8: 000000 000000 000000 000000 000000 000000 000000 000000
db0: 000000 000000 000000 000000 000000 000000 000000 000000
db8: 000000 000000 000000 000000 000000 000000 000000 000000
dc0: 000000 000000 000000 000000 000000 000000 000000 000000
dc8: 000000 000000 000000 000000 000000 000000 000000 000000
dd0: 000000 000000 000000 000000 000000 000000 000000 000000
dd8: 000000 000000 000000 000000 000000 000000 000000 000000
de0: 000000 000000 000000 000000 000000 000000 000000 000000
de8: 000000 000000 000000 000000 000000 000000 000000 000000
df0: 000000 000000 000000 000000 000000 000000 000000 000000
df8: 000000 000000 000000 000000 000000 000000 000000 000000
e00: 000000 000000 000000 000000 000000 000000 000000 000000
e08: 000000 000000 000000 000000 000000 000000 000000 000000
e10: 000000 000000 000000 000000 000000 000000 000000 000000
e18: 000000 000000 000000 000000 000000 000000 000000 000000
e20: 000000 000000 000000 000000 000000 000000 000000 000000
e28: 000000 000000 000000 000000 000000 000000 000000 000000
e30: 000000 000000 000000 000000 000000 000000 000000 000000
e38: 000000 000000 000000 000000 000000 000000 000000 000000
e40: 000000 000000 000000 000000 000000 000000 000000 000000
e48: 000000 000000 000000 000000 000000 000000 000000 000000
e50: 000000 000000 000000 000000 000000 000000 000000 000000
e58: 000000 000000 000000 000000 000000 000000 000000 000000
e60: 000000 000000 000000 000000 000000 000000 000000 000000
e68: 000000 000000 000000 000000 000000 000000 000000 000000
e70: 000000 000000 000000 000000 000000 000000 000000 000000
e78: 000000 000000 000000 000000 000000 000000 000000 000000
e80: 000000 000000 000000 000000 000000 000000 000000 000000
e88: 000000 000000 000000 000000 000000 000000 000000 000000
e90: 000000 000000 000000 000000 000000 000000 000000 000000
e98: 000000 000000 000000 000000 000000 000000 000000 000000
ea0: 000000 000000 000000 000000 000000 000000 000000 000000
ea8: 000000 000000 000000 000000 000000 000000 000000 000000
eb0: 000000 000000 000000 000000 000000 000000 000000 000000
eb8: 000000 000000 000000 000000 000000 000000 000000 000000
ec0: 000000 000000 000000 000000 000000 000000 000000 000000
ec8: 000000 000000 000000 000000 000000 000000 000000 000000
ed0: 000000 000000 000000 000000 000000 000000 000000 000000
ed8: 000000 000000 000000 000000 000000 000000 000000 000000
ee0: 000000 000000 000000 000000 000000 000000 000000 000000
ee8: 000000 000000 000000 000000 000000 000000 000000 000000
ef0: 000000 000000 000000 000000 000000 000000 000000 000000
ef8: 000000 000000 000000 000000 000000 000000 000000 000000
f00: 000000 000000 000000 000000 000000 000000 000000 000000
f08: 000000 000000 000000 000000 000000 000000 000000 000000
f10: 000000 000000 000000 000000 000000 000000 000000 000000
f18: 000000 000000 000000 000000 000000 000000 000000 000000
f20: 000000 000000 000000 000000 000000 000000 000000 000000
f28: 000000 000000 000000 000000 000000 000000 000000 000000
f30: 000000 000000 000000 000000 000000 000000 000000 000000
f38: 000000 000000 000000 000000 000000 000000 000000 000000
f40: 000000 000000 000000 000000 000000 000000 000000 000000
f48: 000000 000000 000000 000000 000000 000000 000000 000000
f50: 000000 000000 000000 000000 000000 000000 000000 000000
f58: 000000 000000 000000 000000 000000 000000 000000 000000
f60: 000000 000000 000000 000000 000000 000000 000000 000000
f68: 000000 000000 000000 000000 000000 000000 000000 000000
f70: 000000 000000 000000 000000 000000 000000 000000 000000
f78: 000000 000000 000000 000000 000000 000000 000000 000000
f80: 000000 000000 000000 000000 000000 000000 000000 000000
f88: 000000 000000 000000 000000 000000 000000 000000 000000
f90: 000000 000000 000000 000000 000000 000000 000000 000000
f98: 000000 000000 000000 000000 000000 000000 000000 000000
fa0: 000000 000000 000000 000000 000000 000000 000000 000000
fa8: 000000 000000 000000 000000 000000 000000 000000 000000
fb0: 000000 000000 000000 000000 000000 000000 000000 000000
fb8: 000000 000000 000000 000000 000000 000000 000000 000000
fc0: 000000 000000 000000 000000 000000 000000 000000 000000
fc8: 000000 000000 000000 000000 000000 000000 000000 000000
fd0: 000000 000000 000000 000000 000000 000000 000000 000000
fd8: 000000 000000 000000 000000 000000 000000 000000 000000
fe0: 000000 000000 000000 000000 000000 000000 000000 000000
fe8: 000000 000000 000000 000000 000000 000000 000000 000000
ff0: 000000 000000 000000 000000 000000 000000 000000 000000
ff8: 000000 000000 000000 000000 000000 000000 000000 000000
